0.0,2.570019455179279,0.5477225575051661,3.130495168499705,1.4916433890176297,13.656500283747663,4.183300132670378
2.570019455179279,0.0,3.0504098085339284,1.5827191791344413,1.89208879284245,12.219042515680187,4.899489769353539
0.5477225575051661,3.0504098085339284,0.0,3.6193922141707713,1.7677669529663689,14.163332941084171,4.494441010848846
3.130495168499705,1.5827191791344413,3.6193922141707713,0.0,2.263846284534354,11.175866856758807,4.370354676682432
1.4916433890176297,1.89208879284245,1.7677669529663689,2.263846284534354,0.0,13.35383839950147,4.9015303732609885
13.656500283747663,12.219042515680187,14.163332941084171,11.175866856758807,13.35383839950147,0.0,10.770329614269007
4.183300132670378,4.899489769353539,4.494441010848846,4.370354676682432,4.9015303732609885,10.770329614269007,0.0