0.0,4.428317965096905,1.0,5.916079783099616,2.692582403567252,24.779023386727733,6.48074069840786
4.428317965096905,0.0,5.348831648126533,3.2878564445547194,3.627671429443411,21.73499482401595,6.972087205421344
1.0,5.348831648126533,0.0,6.782329983125268,3.2015621187164243,25.709920264364882,7.14142842854285
5.916079783099616,3.2878564445547194,6.782329983125268,0.0,4.153311931459037,19.72308292331602,6.4031242374328485
2.692582403567252,3.627671429443411,3.2015621187164243,4.153311931459037,0.0,23.77498685593748,7.22841614740048
24.779023386727733,21.73499482401595,25.709920264364882,19.72308292331602,23.77498685593748,0.0,19.949937343260004
6.48074069840786,6.972087205421344,7.14142842854285,6.4031242374328485,7.22841614740048,19.949937343260004,0.0