0.0, 0.746, 0.384, 0.556, 0.546, 0.591, 0.696
0.746, 0.002, 0.975, 0.483, 0.644, 0.619, 0.98
0.384, 0.975, 0.0, 0.526, 0.506, 0.564, 0.661
0.556, 0.483, 0.526, 0.0, 0.47, 0.323, 0.971
0.546, 0.644, 0.506, 0.47, 0.001, 0.482, 0.958
0.591, 0.619, 0.564, 0.323, 0.482, 0.0, 0.968
0.696, 0.98, 0.661, 0.971, 0.958, 0.968, 0.0