0.0, 0.3407, 0.0341, 0.3665, 0.2731, 0.2406, 0.152
0.3407, 0.0, 0.4433, 0.3136, 0.2583, 0.3013, 0.549
0.0341, 0.4433, 0.0, 0.3405, 0.2488, 0.2151, 0.1375
0.3665, 0.3136, 0.3405, 0.0, 0.2118, 0.2448, 0.5208
0.2731, 0.2583, 0.2488, 0.2118, 0.0, 0.222, 0.4268
0.2406, 0.3013, 0.2151, 0.2448, 0.222, 0.0, 0.391
0.152, 0.549, 0.1375, 0.5208, 0.4268, 0.391, 0.0